   5.8836645e+00
   4.3343484e+00
   2.4417289e+00
   4.2896035e+00
   1.0177456e-01
   6.0882145e+00
   9.5797519e+00
   9.5446524e-01
   3.5590563e-01
   8.8623511e+00
   2.4694137e+00
   8.9150563e-02
   8.1492027e+00
   1.4049944e+00
   8.7986644e+00
   9.5376786e-01
   3.5256010e+00
   5.9342057e+00
   5.8518164e+00
   6.6768176e+00
   6.4802712e+00
   4.3336907e+00
   1.3975876e+00
   7.5192951e+00
   2.4178679e+00
   6.5045932e+00
   8.5737406e+00
   8.4370471e-01
   9.7208916e+00
   3.1459936e-01
   8.3540455e+00
   8.3571335e+00
   4.9857501e-01
   5.4588621e+00
   9.4316984e+00
   3.2147307e+00
   8.0646680e+00
   6.0139876e+00
   7.8962047e+00
   7.9918504e+00
   4.9564766e-01
   2.8319863e+00
   6.5345682e+00
   4.8965535e+00
   9.7285224e+00
   7.4848991e+00
   5.6784115e+00
   2.9896416e+00
   2.5610978e+00
   8.8656379e+00
   4.4680086e+00
   8.1598725e+00
   9.8337302e-01
   8.5959345e+00
   2.7629008e-01
   8.9915643e+00
   8.9993550e+00
   5.2410601e+00
   1.2019951e+00
   1.7779409e+00
   7.0610759e+00
   8.3135976e+00
   3.4833821e-01
   7.5783871e+00
   9.5711218e+00
   3.4287051e+00
   6.3824371e+00
   3.4300581e+00
   2.1647140e+00
   7.8620063e+00
   7.2308996e+00
   2.7883890e+00
   5.8243143e+00
   4.2100578e+00
   9.2068707e-01
   2.4027325e-01
   4.9114580e+00
   2.7826702e+00
   3.3975716e+00
   2.8734961e+00
   1.7090324e+00
   3.9926331e+00
   6.9764957e+00
   2.0367644e+00
   6.6632649e+00
   4.4306609e+00
   4.3329527e+00
   1.7523944e+00
   1.9320231e+00
   6.1642133e+00
   2.6901061e+00
   5.5967793e+00
   9.4478399e+00
   7.1447164e+00
   6.7921966e+00
   9.5938058e+00
   7.7533431e+00
   6.0772697e+00
   9.4800236e+00
   5.9641624e-01
