  -3.4550687e-01
   1.0327836e+00
   4.5169007e-01
   4.2165322e-03
   2.6723259e+00
  -1.3790304e-01
  -1.5780470e-01
   8.4118832e-01
   1.6152652e+00
  -4.8347900e-01
   1.8813625e-01
   2.1870913e+00
   7.0971314e-01
   7.7274393e-01
   4.9909856e-01
   9.6540224e-01
   2.7234660e-02
   6.2431955e-01
   7.3008117e-01
   7.8948669e-03
   8.3840727e-01
   2.6152553e-01
   8.4420419e-01
   1.0854751e+00
   9.9807247e-01
   4.4569815e-01
   1.8964356e-01
   8.8798040e-01
  -6.9444602e-02
   2.8835668e+00
  -1.0221133e+00
  -3.2985071e-01
   1.5446707e+00
   7.3713049e-02
  -9.0372217e-01
   3.6171669e-01
   3.5372071e-01
  -4.7542311e-01
  -1.4063186e-01
  -6.1785307e-01
   2.4561875e+00
   3.3485145e-01
  -1.3349798e-01
  -4.5441615e-01
   3.7492066e-02
   8.3166623e-01
   1.3492347e-01
   3.0138911e-01
  -4.0228227e-01
   7.1448042e-02
   4.0725994e-01
  -7.0194055e-01
   1.5689055e+00
   1.2212223e+00
   1.2711105e+00
  -1.0449856e+00
  -4.7963654e-02
   3.8194805e-01
   7.6426684e-01
   3.6811423e-01
  -6.4190912e-03
  -5.4363749e-01
   1.0847692e+00
   7.8016500e-01
   1.3449657e-01
  -5.1765339e-01
   5.3056497e-01
  -5.7265408e-01
   2.3912678e-01
   3.5943258e-01
  -4.3039113e-01
  -1.9506051e-02
   1.0848038e-02
   1.0045410e+00
   1.3000548e+00
   1.9260361e+00
  -1.0468102e-01
   1.6046979e-02
   7.3230080e-01
  -6.0179580e-04
   8.4264921e-02
   1.5846464e-01
  -5.6785288e-02
   7.3921752e-01
   4.7119093e-01
   5.6391695e-01
   3.4727193e-01
   7.7551195e-01
   1.3333945e+00
  -5.8629521e-01
  -1.1546800e-03
  -8.4944807e-01
   4.4790739e-01
   9.1039259e-04
  -1.5861889e-01
  -8.7232267e-01
   8.0882907e-02
  -1.3562923e-01
  -6.8918690e-01
   9.0645964e-01
